% set initial values at steady state
si0      =   0.012858791705166e+7;
a0       =  0.000001070597254;
                % proteins
r0         = 0.000002517636370; 
et0       =  0.000734477132709;
em0      = 0.000734477132709;
eg0         = 0.000007344771328;
q0         = 0.023874468785329;
                    % free mRNAs
mr0       =  0.000003412956630; 
mt0       =  0.000000993540087;
mm0     = 0.000000993540087;
mg0      = 0.000000009935401;
mq0      = 0.000032295412269;
                    % bound mRNAs
cr0       = 0.000076283016414; 
ct0       = 0.000007018812573;
cm0      =  0.000007018812573;
cg0       = 0.000000070188126;
cq0       =0.000228149270010;
                    % glycerol
g0    = 1.741810601916980;
                    % pop size
N0        = 1;

x0      = [si0, a0, ... % definition of the initial vector of variables
                r0, et0, em0, eg0, q0, ...
                mr0, mt0, mm0, mg0, mq0, ...
                cr0, ct0, cm0, cg0, cq0, ...
                g0, ...
                N0]; 
            